x,S0_no_elec,S0_bot_elec,A0_no_elec,A0_bot_elec
0.00287,0.00088,0.94584,-0.00092,-0.00488
0.01053,0.00442,0.92989,0.00401,-0.00362
0.01306,0.00585,0.92445,0.00552,-0.00318
0.0249,0.01326,0.89801,0.01314,-0.00103
0.03017,0.01682,0.88577,0.01728,-4e-05
0.03148,0.01773,0.88269,0.0184,0.00021
0.04309,0.02653,0.82517,0.02995,0.00238
0.04975,0.03227,0.81268,0.03837,0.00358
0.0606,0.04165,0.79764,0.05879,0.00538
0.06517,0.04517,0.79196,0.06949,0.00606
0.06832,0.0477,0.78813,0.077,0.00648
0.07114,0.05019,0.78473,0.08371,0.00683
0.07992,0.05949,0.77404,0.10424,0.00791
0.08799,0.06954,0.76347,0.1222,0.00937
0.08802,0.06957,0.76344,0.12225,0.00937
0.09833,0.08313,0.74816,0.14331,0.01312
0.10244,0.08858,0.74221,0.15171,0.01558
0.10781,0.09563,0.73493,0.16374,0.01963
0.11011,0.09855,0.73184,0.16954,0.02159
0.11808,0.10782,0.71984,0.19218,0.02906
0.12229,0.11219,0.71163,0.20402,0.03312
0.1238,0.11377,0.70837,0.20782,0.03454
0.12821,0.11863,0.69889,0.21759,0.03859
0.13011,0.12083,0.69523,0.22145,0.04028
0.13438,0.12589,0.68819,0.23037,0.04406
0.14455,0.13828,0.67398,0.25338,0.05336
0.14927,0.14405,0.66728,0.26322,0.05808
0.15221,0.1476,0.66296,0.26889,0.06122
0.15598,0.15211,0.65729,0.2757,0.06548
0.15899,0.15558,0.65272,0.28085,0.06904
0.17285,0.17075,0.63227,0.30298,0.08655
0.17344,0.17143,0.63146,0.30389,0.08731
0.17409,0.17219,0.63056,0.30491,0.08816
0.17908,0.17811,0.62389,0.3127,0.09456
0.19029,0.19149,0.60908,0.33039,0.10775
0.19415,0.19598,0.60375,0.33634,0.11185
0.20307,0.20566,0.59148,0.34914,0.12086
0.20445,0.20699,0.5897,0.35093,0.12224
0.20594,0.20834,0.58782,0.35278,0.12374
0.224,0.22068,0.56768,0.3698,0.14393
0.22419,0.22081,0.56748,0.36994,0.14418
0.22479,0.22127,0.56683,0.3704,0.14499
0.22859,0.22423,0.56276,0.37323,0.15038
0.24206,0.2356,0.54865,0.38269,0.17113
0.24929,0.24198,0.54157,0.38717,0.18039
0.26133,0.25281,0.53074,0.39316,0.19211
0.2622,0.25361,0.52999,0.3935,0.19287
0.26237,0.25376,0.52985,0.39357,0.19301
0.28181,0.26969,0.51394,0.39788,0.2089
0.28272,0.27033,0.51317,0.39795,0.20967
0.28465,0.27169,0.51153,0.39808,0.2113
0.29794,0.28089,0.50135,0.39825,0.22355
0.30349,0.28466,0.49825,0.39812,0.22891
0.31202,0.29037,0.49476,0.39775,0.23659
0.31892,0.29485,0.49244,0.3973,0.2417
0.33121,0.30221,0.48815,0.39603,0.24878
0.33562,0.30476,0.48619,0.39539,0.25096
0.33786,0.30611,0.48509,0.39502,0.25203
0.34305,0.30934,0.48244,0.39401,0.25447
0.35531,0.31735,0.47693,0.39087,0.25994
0.36846,0.3259,0.47354,0.38667,0.26529
0.36864,0.32602,0.4735,0.38661,0.26535
0.38166,0.33385,0.47079,0.38212,0.26983
0.38424,0.33521,0.47017,0.3812,0.27058
0.40093,0.34053,0.46461,0.37482,0.27445
0.40341,0.34091,0.46355,0.37376,0.27489
0.4082,0.34163,0.46134,0.37154,0.27568
0.41075,0.34203,0.46007,0.37023,0.27607
0.43233,0.34554,0.44745,0.35834,0.27832
0.43364,0.34572,0.44662,0.35765,0.27839
0.44195,0.34671,0.44119,0.35327,0.2786
0.44663,0.34701,0.43776,0.35083,0.27847
0.45412,0.34634,0.43094,0.34696,0.27788
0.46968,0.33481,0.4087,0.33896,0.27578
0.46976,0.33473,0.40856,0.33891,0.27577
0.47309,0.33158,0.40362,0.33721,0.27538
0.48541,0.31991,0.38619,0.33089,0.27434
0.49197,0.31366,0.37642,0.32751,0.27387
0.49985,0.30606,0.36381,0.32337,0.27321
0.50701,0.29899,0.35154,0.31952,0.27239
0.50878,0.29718,0.34836,0.31861,0.27214
0.512,0.29373,0.34239,0.317,0.27164
0.51309,0.29249,0.34032,0.31646,0.27146
0.52266,0.27773,0.32148,0.31175,0.26953
0.52512,0.27349,0.31683,0.31054,0.26897
0.53835,0.25192,0.29334,0.30398,0.26562
0.54555,0.2413,0.27954,0.30033,0.26372
0.54673,0.23969,0.27727,0.29973,0.26341
0.55493,0.22973,0.26143,0.29541,0.26128
0.56241,0.22124,0.24749,0.29114,0.25935
0.56358,0.21955,0.24541,0.29042,0.25904
0.57526,0.19778,0.22739,0.28294,0.25598
0.57536,0.19765,0.22726,0.28289,0.25596
0.57685,0.19563,0.22511,0.28207,0.25556
0.58713,0.18397,0.20873,0.2771,0.25275
0.59129,0.17973,0.20162,0.27526,0.25158
0.59999,0.17101,0.18653,0.27159,0.24904
0.60102,0.16997,0.18481,0.27116,0.24874
0.60551,0.16531,0.17773,0.26933,0.24738
0.61973,0.14953,0.15976,0.26356,0.24286
0.62257,0.14625,0.15624,0.26238,0.24191
0.63022,0.13742,0.14661,0.25915,0.23927
0.63355,0.13361,0.1424,0.2577,0.23807
0.63888,0.12765,0.13579,0.25532,0.23612
0.64891,0.11715,0.12388,0.25067,0.23234
0.65698,0.10997,0.11499,0.24686,0.22928
0.66729,0.10236,0.10516,0.24199,0.22551
0.66969,0.1007,0.10312,0.24088,0.22467
0.67119,0.09965,0.10186,0.24019,0.22415
0.6713,0.09957,0.10176,0.24013,0.22411
0.69046,0.08532,0.0858,0.23179,0.21791
0.69694,0.07991,0.08017,0.22917,0.21593
0.70284,0.07459,0.07503,0.22684,0.21415
0.71004,0.06792,0.06899,0.22407,0.21199
0.71458,0.06389,0.06537,0.22235,0.21062
0.72073,0.05899,0.06069,0.22004,0.20877
0.73564,0.05004,0.05065,0.21448,0.20426
0.7455,0.04518,0.0453,0.21082,0.2013
0.75527,0.04039,0.04078,0.2072,0.19841
0.76094,0.03767,0.03831,0.20508,0.19675
0.76938,0.0339,0.03465,0.20193,0.19433
0.76942,0.03388,0.03464,0.20191,0.19432
0.78565,0.02742,0.02793,0.1961,0.18993
0.79293,0.02474,0.0252,0.19372,0.18807
0.79947,0.02243,0.02289,0.19172,0.18643
0.8107,0.0188,0.01918,0.18849,0.18363
0.8121,0.01838,0.01874,0.1881,0.18328
0.82187,0.01562,0.01581,0.18537,0.18079
0.83542,0.01195,0.01215,0.18158,0.17733
0.83722,0.01147,0.0117,0.18107,0.17687
0.84674,0.00906,0.00939,0.17835,0.17446
0.85934,0.00624,0.00657,0.1747,0.17131
0.86072,0.00596,0.00628,0.17429,0.17097
0.86952,0.00427,0.00446,0.17173,0.16883
0.88553,0.00142,0.00131,0.1671,0.16504
0.89354,4e-05,-0.00025,0.16481,0.16319
0.89785,-0.00071,-0.0011,0.16361,0.16221
0.91263,-0.00326,-0.00414,0.15966,0.15891
0.93302,-0.00698,-0.00903,0.15489,0.15455
0.95443,-0.00893,-0.01718,0.15033,0.15013
0.97744,0.00482,-0.05624,0.14566,0.14538
0.99548,0.02747,-0.07839,0.14246,0.14152
